0 1 51
1 2 16
2 3 7
3 4 6
4 5 5
5 6 8
6 7 7
7 8 56
8 9 53
9 10 36
10 11 26
11 12 33
12 13 19
13 14 24
14 15 17
15 16 50
16 17 21
17 18 39
18 19 59
19 20 57
20 21 17
22 23 4
23 24 6
24 25 13
25 26 12
26 27 12
27 28 7
28 29 6
29 30 4
30 31 6
31 32 4
32 33 4
33 34 2
34 35 4
35 36 3
36 37 3
37 38 3
38 39 9
39 40 19
40 41 3
41 42 8
42 43 20
43 44 5
44 45 6
45 46 1
46 42 8
42 41 8
41 40 3
40 39 19
39 36 15
36 34 7
34 33 2
33 32 4
32 31 4
31 47 4
47 30 2
30 29 4
29 28 6
28 27 7
27 26 12
26 24 25
24 23 6
23 22 4
43 44 5
44 45 6
45 46 1
46 42 8
42 48 6
48 41 2
41 40 3
40 39 19
39 38 9
38 37 3
37 36 3
36 35 3
35 34 4
34 33 2
33 32 4
32 31 4
31 47 4
47 29 6
29 28 6
28 27 7
27 26 12
26 24 25
24 23 6
23 22 4
49 50 1
50 51 2
51 52 1
52 53 4
53 54 3
54 55 4
55 56 3
56 57 2
57 58 3
58 59 1
59 60 3
60 61 2
61 62 4
62 63 2
63 64 2
64 65 4
65 66 4
66 67 3
67 68 3
0 1 51
1 7 49
7 69 26
69 70 12
70 8 18
8 71 33
71 72 34
72 73 33
73 74 8
74 75 12
75 76 16
76 77 2
0 78 17
78 79 22
79 80 20
80 81 33
81 82 5
82 83 9
83 84 15
84 85 8
85 86 4
86 87 7
87 88 26
43 41 28
41 39 22
39 34 22
34 31 10
31 29 10
29 28 6
28 26 19
26 25 12
25 22 23
0 1 51
1 7 49
7 8 56
8 9 53
9 10 36
10 12 59
12 13 19
13 14 24
14 15 17
15 17 71
17 18 39
18 19 59
19 20 57
0 68 59
68 89 34
89 90 35
90 91 40
91 92 17
92 93 43
93 94 19
94 95 12
96 97 7
97 98 7
98 99 4
99 100 8
100 101 2
101 102 3
102 103 3
103 104 2
104 105 5
105 106 5
106 107 5
107 108 2
108 109 4
109 110 3
110 111 4
111 112 2
112 113 4
113 114 2
114 115 7
115 116 8
116 117 4
117 118 2
118 119 5
119 120 2
120 121 4
121 122 11
0 68 59
68 89 34
89 90 35
90 91 40
91 92 17
92 93 43
93 94 19
94 95 12
0 68 59
68 89 34
89 90 35
90 91 40
91 92 17
92 93 43
93 94 19
94 95 12
43 123 9
123 45 2
45 46 1
46 124 2
124 42 6
42 125 4
125 48 2
48 41 2
41 40 3
40 126 6
126 127 2
127 39 11
128 129 35
129 130 24
130 131 20
131 132 37
132 133 102
133 0 7
128 129 35
129 130 24
130 131 20
131 132 37
132 133 102
133 0 7
128 129 35
129 130 24
130 131 20
131 132 37
132 0 109
128 129 35
129 130 24
130 131 20
131 132 37
132 134 39
134 135 28
135 133 35
133 0 7
0 80 59
80 81 33
81 84 29
84 85 8
85 86 4
86 87 7
87 88 26
9 8 53
8 70 18
70 69 12
69 7 26
7 3 26
3 2 7
2 1 16
1 136 25
136 0 26
9 8 53
8 7 56
7 1 49
1 0 51
0 78 17
78 137 4
137 138 9
138 139 5
139 79 4
79 140 12
140 80 8
80 141 7
141 142 12
142 81 14
81 82 5
82 83 9
83 143 13
143 84 2
84 144 5
144 85 3
85 86 4
86 87 7
87 145 20
145 88 6
0 78 17
78 80 42
80 81 33
81 83 14
83 84 15
84 85 8
85 86 4
86 87 7
87 88 26
88 146 14
146 147 51
147 148 25
148 149 26
149 150 11
150 151 4
151 152 18
153 154 2
154 155 2
155 156 5
156 157 2
157 158 4
158 159 9
159 88 3
0 80 59
80 142 19
142 81 14
81 84 29
84 85 8
85 86 4
86 87 7
87 88 26
88 160 32
160 161 34
161 162 29
162 163 8
163 164 17
164 165 11
165 166 19
166 167 34
167 168 44
168 121 47
121 115 25
115 169 24
169 170 13
170 171 10
171 172 16
172 173 7
173 174 7
174 175 23
175 176 18
176 177 9
177 178 6
178 179 10
179 180 15
0 80 59
80 81 33
81 84 29
84 85 8
85 86 4
86 87 7
87 181 10
181 88 16
88 160 32
160 161 34
161 162 29
162 163 8
163 164 17
164 165 11
165 166 19
166 167 34
167 168 44
168 182 22
182 183 32
184 185 14
185 186 9
186 187 7
187 188 5
188 189 11
189 190 5
190 191 4
191 192 4
192 193 4
193 194 4
194 195 6
195 196 9
196 197 5
197 198 9
198 199 5
199 200 6
200 201 5
201 202 8
202 203 5
203 204 7
204 205 4
205 206 5
206 207 2
207 208 11
0 68 59
68 89 34
89 90 35
90 209 33
209 210 38
210 211 20
211 212 25
212 213 58
213 214 44
214 215 40
215 216 21
216 217 25
217 218 15
218 219 47
219 220 7
220 221 9
221 222 12
222 223 4
223 224 6
224 225 15
225 226 6
226 227 10
227 228 1
0 68 59
68 89 34
89 90 35
90 209 33
209 210 38
210 211 20
211 212 25
212 213 58
213 218 145
0 68 59
68 89 34
89 90 35
90 209 33
209 210 38
210 211 20
211 212 25
212 213 58
184 229 2
229 230 42
230 231 23
231 232 16
232 233 37
233 234 50
234 210 37
210 209 38
209 90 33
90 89 35
89 68 34
68 0 59
0 68 59
68 90 69
90 210 71
210 234 37
234 233 50
233 231 53
231 235 49
235 229 16
229 184 2
184 229 2
229 230 42
230 231 23
231 232 16
232 233 37
233 236 48
236 211 18
211 210 20
210 209 38
209 90 33
90 89 35
89 68 34
68 0 59
0 68 59
68 89 34
89 90 35
90 209 33
209 210 38
210 234 37
234 233 50
233 232 37
232 231 16
231 230 23
230 235 26
235 229 16
229 184 2
0 68 59
68 89 34
89 90 35
90 209 33
209 210 38
210 234 37
234 233 50
233 232 37
232 231 16
231 230 23
230 235 26
235 229 16
229 184 2
0 68 59
68 89 34
89 90 35
90 209 33
209 210 38
210 234 37
234 233 50
233 232 37
232 231 16
231 230 23
230 235 26
235 229 16
229 184 2
184 229 2
229 230 42
230 231 23
231 232 16
232 233 37
233 234 50
234 210 37
210 209 38
209 90 33
90 89 35
89 68 34
68 0 59
128 0 225
128 129 35
129 130 24
130 131 20
131 132 37
132 0 109
128 0 225
0 87 140
87 88 26
0 1 51
1 7 49
7 70 38
70 8 18
8 9 53
9 10 36
10 11 26
11 12 33
12 13 19
13 14 24
14 15 17
15 17 71
17 18 39
18 19 59
0 1 51
1 7 49
7 8 56
8 9 53
9 10 36
10 11 26
11 12 33
12 13 19
13 14 24
14 15 17
15 17 71
17 18 39
18 19 59
19 237 51
237 20 6
20 238 23
238 239 24
239 240 24
240 241 10
241 22 40
22 242 45
242 243 21
243 244 31
244 245 36
245 246 12
246 247 10
247 248 5
248 249 9
249 180 24
0 80 59
80 81 33
81 84 29
84 85 8
85 86 4
86 87 7
87 88 26
88 250 74
250 251 54
251 252 21
252 253 18
253 254 11
254 255 30
255 256 21
256 257 13
257 258 21
258 259 17
259 43 51
43 41 28
41 39 22
39 34 22
34 29 20
29 26 25
26 22 35
22 242 45
242 243 21
243 244 31
244 245 36
0 80 59
80 81 33
81 82 5
82 83 9
83 260 10
260 84 5
84 85 8
85 86 4
86 87 7
87 88 26
88 261 49
261 262 11
262 250 14
250 251 54
251 252 21
252 253 18
253 254 11
254 255 30
255 256 21
256 257 13
257 263 17
263 258 4
258 259 17
259 43 51
0 68 59
68 89 34
89 90 35
90 209 33
209 210 38
210 211 20
211 212 25
212 213 58
213 214 44
214 215 40
215 216 21
216 217 25
217 218 15
0 68 59
68 89 34
89 90 35
90 209 33
209 210 38
210 211 20
211 212 25
212 213 58
213 214 44
214 215 40
215 216 21
216 217 25
217 218 15
218 264 3
0 68 59
68 90 69
90 210 71
210 213 103
213 215 84
215 218 61
0 68 59
68 89 34
89 90 35
90 209 33
209 210 38
210 211 20
211 212 25
212 213 58
213 214 44
214 215 40
215 216 21
216 217 25
217 218 15
184 265 45
265 215 31
215 216 21
216 217 25
217 218 15
218 219 47
219 220 7
220 221 9
221 222 12
222 223 4
223 224 6
224 225 15
225 226 6
226 227 10
227 228 1
228 96 43
96 98 14
98 102 17
102 107 20
107 109 6
109 115 22
115 169 24
169 266 14
266 43 45
43 259 51
259 258 17
258 263 4
263 257 17
257 256 13
256 267 19
267 268 10
268 269 15
269 270 12
270 271 17
271 272 9
272 273 24
273 274 40
274 275 50
275 20 35
20 237 6
237 19 51
184 215 76
0 276 11
276 277 60
277 278 13
278 279 8
279 280 13
280 281 20
281 91 14
91 92 17
92 93 43
93 94 19
94 95 12
0 277 71
277 280 34
280 91 34
91 92 17
92 93 43
93 94 19
94 95 12
0 282 48
282 283 22
283 284 30
284 285 8
0 282 48
282 283 22
283 284 30
284 285 8
0 282 48
282 283 22
283 284 30
284 285 8
0 1 51
1 7 49
7 70 38
70 8 18
8 9 53
9 10 36
10 286 46
286 287 25
287 288 20
288 289 30
289 290 12
290 291 38
291 292 16
292 271 14
271 272 9
272 273 24
273 274 40
274 275 50
275 20 35
20 275 35
275 274 50
274 273 40
273 272 24
272 271 9
271 292 14
292 291 16
291 289 50
289 288 30
288 287 20
287 286 25
286 10 46
10 9 36
9 8 53
8 70 18
70 7 38
7 1 49
1 0 51
0 293 14
293 1 37
1 2 16
2 3 7
3 4 6
4 7 20
7 69 26
69 70 12
70 294 7
294 8 11
8 9 53
9 295 3
295 10 33
10 296 20
296 297 36
297 287 23
287 288 20
288 298 11
298 289 19
289 291 50
291 292 16
292 271 14
271 272 9
95 94 12
94 299 48
299 234 25
234 233 50
233 232 37
232 231 16
231 230 23
230 235 26
235 229 16
229 184 2
184 265 45
265 215 31
215 216 21
216 217 25
217 218 15
218 219 47
219 220 7
220 221 9
221 222 12
222 223 4
223 224 6
224 225 15
225 226 6
226 227 10
227 228 1
228 300 11
300 96 32
96 98 14
98 102 17
102 107 20
107 109 6
109 115 22
115 301 22
301 169 2
169 266 14
266 43 45
184 265 45
265 215 31
215 216 21
216 217 25
217 218 15
218 219 47
219 220 7
220 221 9
221 222 12
222 223 4
223 224 6
224 225 15
225 226 6
226 227 10
227 228 1
228 96 43
96 98 14
98 102 17
102 107 20
107 109 6
109 115 22
115 169 24
169 266 14
266 43 45
43 41 28
41 39 22
39 34 22
34 29 20
29 28 6
28 26 19
26 22 35
22 241 40
241 240 10
240 239 24
239 238 24
238 20 23
20 237 6
237 19 51
19 302 32
302 303 8
303 237 11
237 20 6
20 238 23
238 239 24
239 240 24
240 241 10
241 22 40
22 26 35
26 28 19
28 29 6
29 34 20
34 39 22
39 41 22
41 43 28
43 266 45
266 169 14
169 115 24
115 109 22
109 107 6
107 102 20
102 98 17
98 96 14
96 228 43
228 227 1
227 226 10
226 225 6
225 224 15
224 223 6
223 222 4
222 221 12
221 220 9
220 219 7
219 218 47
218 217 15
217 216 25
216 215 21
215 265 31
265 184 45
0 1 51
1 7 49
7 70 38
70 8 18
8 9 53
9 10 36
10 286 46
286 287 25
287 288 20
288 289 30
289 291 50
291 292 16
292 271 14
271 270 17
270 269 12
269 268 15
268 267 10
267 256 19
0 68 59
68 90 69
90 209 33
209 210 38
210 211 20
211 212 25
212 213 58
213 214 44
214 304 38
304 265 31
265 184 45
184 265 45
265 304 31
304 214 38
214 213 44
213 212 58
212 211 25
211 210 20
210 209 38
209 90 33
90 68 69
68 0 59
9 305 31
305 71 13
71 306 17
306 307 43
307 308 16
308 285 22
285 284 8
284 283 30
283 282 22
282 0 48
0 282 48
282 283 22
283 284 30
284 285 8
285 308 22
308 307 16
307 306 43
306 71 17
71 305 13
305 9 31
152 309 2
309 310 2
310 311 11
311 312 5
312 313 3
313 314 3
314 315 4
315 316 2
316 317 11
317 318 6
318 319 3
319 320 5
320 321 3
321 322 5
322 323 3
323 324 6
324 325 2
325 268 6
268 267 10
267 326 4
326 327 5
327 328 2
328 329 4
329 256 4
152 309 2
309 330 8
330 331 2
331 332 6
332 333 2
333 334 4
334 335 4
335 336 4
336 337 2
337 338 4
338 339 4
339 254 3
254 340 6
340 253 5
289 341 3
341 342 3
342 290 6
290 343 6
343 344 5
344 345 3
345 346 2
346 347 3
347 348 1
348 349 3
349 350 5
350 351 2
351 352 2
352 353 2
353 291 4
291 354 3
354 355 2
355 356 2
356 357 3
357 358 2
358 292 4
292 359 3
359 360 2
360 361 2
361 362 1
362 363 3
363 271 3
0 364 7
364 365 2
365 78 8
78 137 4
137 138 9
138 139 5
139 79 4
79 366 5
366 140 7
140 367 5
367 80 3
80 141 7
141 142 12
142 368 9
368 81 5
81 82 5
82 369 3
369 370 3
370 83 3
83 371 5
371 143 8
143 84 2
84 144 5
144 85 3
85 86 4
86 87 7
87 181 10
181 372 5
372 145 5
145 88 6
88 145 6
145 181 10
181 87 10
87 86 7
86 85 4
85 144 3
144 84 5
84 143 2
143 371 8
371 83 5
83 370 3
370 369 3
369 82 3
82 81 5
81 368 5
368 142 9
142 141 12
141 80 7
80 367 3
367 140 5
140 366 7
366 79 5
79 139 4
139 138 5
138 137 9
137 78 4
78 365 8
365 364 2
364 373 2
373 0 5
374 375 1
375 376 1
376 373 2
373 364 2
364 365 2
365 78 8
78 137 4
137 138 9
138 139 5
139 79 4
79 366 5
366 140 7
140 367 5
367 80 3
80 141 7
141 142 12
142 368 9
368 81 5
81 82 5
82 369 3
369 370 3
370 83 3
83 371 5
371 143 8
143 84 2
84 144 5
144 85 3
85 86 4
86 87 7
87 181 10
181 372 5
372 145 5
145 88 6
88 145 6
145 372 5
372 181 5
181 87 10
87 86 7
86 85 4
85 144 3
144 84 5
84 143 2
143 371 8
371 83 5
83 370 3
370 369 3
369 82 3
82 81 5
81 368 5
368 142 9
142 141 12
141 80 7
80 367 3
367 140 5
140 366 7
366 79 5
79 139 4
139 138 5
138 137 9
137 78 4
78 365 8
365 377 4
377 0 5
0 373 5
373 364 2
364 365 2
365 78 8
78 137 4
137 138 9
138 139 5
139 79 4
79 366 5
366 140 7
140 367 5
367 80 3
80 141 7
141 142 12
142 368 9
368 81 5
81 82 5
82 369 3
369 370 3
370 83 3
83 371 5
371 260 5
260 143 3
143 84 2
84 144 5
144 85 3
85 86 4
86 87 7
87 181 10
181 372 5
372 145 5
145 88 6
88 145 6
145 372 5
372 181 5
181 87 10
87 86 7
86 85 4
85 144 3
144 84 5
84 143 2
143 260 3
260 83 10
83 82 9
82 81 5
81 142 14
142 141 12
141 80 7
80 367 3
367 140 5
140 366 7
366 79 5
79 139 4
139 138 5
138 78 13
78 365 8
365 377 4
377 0 5
0 364 7
364 365 2
365 78 8
78 137 4
137 138 9
138 139 5
139 79 4
79 366 5
366 140 7
140 367 5
367 80 3
80 141 7
141 142 12
142 81 14
81 82 5
82 369 3
369 370 3
370 83 3
83 371 5
371 260 5
260 143 3
143 84 2
84 144 5
144 85 3
85 86 4
86 87 7
87 181 10
181 372 5
372 145 5
145 88 6
88 145 6
145 372 5
372 181 5
181 87 10
87 86 7
86 85 4
85 144 3
144 84 5
84 143 2
143 371 8
371 83 5
83 370 3
370 369 3
369 82 3
82 81 5
81 368 5
368 142 9
142 141 12
141 80 7
80 367 3
367 140 5
140 366 7
366 79 5
79 139 4
139 138 5
138 137 9
137 78 4
78 365 8
365 377 4
377 0 5
374 375 1
375 376 1
376 373 2
373 364 2
364 365 2
365 78 8
78 137 4
137 138 9
138 139 5
139 79 4
79 366 5
366 140 7
140 367 5
367 80 3
80 141 7
141 142 12
142 368 9
368 81 5
81 82 5
82 369 3
369 370 3
370 83 3
83 371 5
371 260 5
260 143 3
143 84 2
84 144 5
144 85 3
85 86 4
86 87 7
87 181 10
181 372 5
372 145 5
145 88 6
88 145 6
145 372 5
372 181 5
181 87 10
87 86 7
86 85 4
85 144 3
144 84 5
84 143 2
143 260 3
260 371 5
371 83 5
83 370 3
370 369 3
369 82 3
82 81 5
81 368 5
368 142 9
142 141 12
141 80 7
80 367 3
367 140 5
140 366 7
366 79 5
79 139 4
139 138 5
138 137 9
137 78 4
78 365 8
365 377 4
377 0 5
0 364 7
364 365 2
365 78 8
78 138 13
138 139 5
139 79 4
79 366 5
366 140 7
140 80 8
80 142 19
142 81 14
81 82 5
82 83 9
83 84 15
84 144 5
144 85 3
85 86 4
86 87 7
87 181 10
181 145 10
145 88 6
88 145 6
145 372 5
372 181 5
181 87 10
87 86 7
86 85 4
85 144 3
144 84 5
84 143 2
143 260 3
260 371 5
371 83 5
83 370 3
370 369 3
369 82 3
82 81 5
81 368 5
368 142 9
142 141 12
141 80 7
80 140 8
140 366 7
366 79 5
79 139 4
139 138 5
138 78 13
78 365 8
365 0 9
43 39 50
39 36 15
36 35 3
35 34 4
34 33 2
33 32 4
32 31 4
31 47 4
47 30 2
30 29 4
29 378 2
378 28 4
28 379 5
379 27 2
27 380 5
380 381 5
381 26 2
26 382 3
382 383 4
383 25 5
25 384 5
384 385 2
385 24 6
24 386 5
386 23 1
23 22 4
20 387 10
387 388 3
388 238 10
238 389 4
389 390 8
390 391 7
391 239 5
239 392 8
392 393 7
393 394 5
394 240 4
240 241 10
241 395 3
395 396 9
396 397 11
397 398 11
398 22 6
19 399 7
399 400 6
400 401 7
401 402 6
402 302 6
302 303 8
303 403 5
403 237 6
237 20 6
20 404 7
404 387 3
387 388 3
388 238 10
238 389 4
389 390 8
390 391 7
391 239 5
239 392 8
392 393 7
393 394 5
394 240 4
240 241 10
241 395 3
395 396 9
396 405 5
405 398 17
398 22 6
0 80 59
80 84 62
84 87 19
87 88 26
88 251 128
251 253 39
253 255 41
255 329 20
329 267 15
267 271 54
271 272 9
272 20 149
20 21 17
43 406 12
406 407 16
407 408 7
408 266 10
266 169 14
169 409 6
409 170 7
170 171 10
171 410 11
410 172 5
172 173 7
173 174 7
174 411 5
411 412 3
412 413 4
413 414 4
414 175 7
175 176 18
176 177 9
177 178 6
178 179 10
179 180 15
88 160 32
160 161 34
161 162 29
162 163 8
163 164 17
164 166 30
166 167 34
167 168 44
168 121 47
121 115 25
115 169 24
169 266 14
266 43 45
43 39 50
39 26 67
26 22 35
22 415 6
43 416 6
416 417 4
417 406 2
406 418 3
418 419 6
419 420 2
420 421 3
421 407 2
407 422 3
422 408 4
408 423 4
423 266 6
266 424 8
424 169 6
169 409 6
409 425 3
425 170 4
170 426 5
426 171 5
171 427 3
427 428 4
428 410 4
410 172 5
172 429 2
429 173 5
173 174 7
174 411 5
411 412 3
412 413 4
413 414 4
414 430 4
430 175 3
122 121 11
121 431 6
431 432 3
432 433 4
433 434 5
434 435 5
435 436 6
436 437 10
437 438 4
438 168 4
175 439 8
439 440 4
440 441 11
175 442 5
442 439 3
439 440 4
440 441 11
0 80 59
80 81 33
81 84 29
84 85 8
85 87 11
87 88 26
88 146 14
146 147 51
147 152 84
152 324 74
324 268 8
268 271 44
271 272 9
272 20 149
20 21 17
90 443 11
443 444 5
444 445 4
445 446 8
446 89 7
89 447 7
447 448 5
448 449 5
449 450 2
450 451 4
451 452 7
452 68 4
215 453 4
453 454 9
454 455 4
455 456 6
456 457 2
457 458 5
218 264 3
264 459 8
459 460 10
460 461 6
461 462 6
462 463 7
463 464 1
464 465 5
465 466 7
466 467 3
467 468 3
468 469 2
469 470 3
470 471 3
471 472 2
472 473 2
473 474 2
0 1 51
1 7 49
7 8 56
8 9 53
9 10 36
10 11 26
11 12 33
12 13 19
13 14 24
14 15 17
15 17 71
17 18 39
18 19 59
19 20 57
20 21 17
128 475 4
475 476 7
476 477 4
477 478 3
478 479 5
479 480 4
480 481 3
481 129 5
129 482 10
482 483 8
483 130 6
130 484 5
484 485 7
485 486 3
486 131 5
131 487 10
487 488 5
488 489 4
489 490 4
490 491 2
491 492 3
492 132 9
132 493 7
493 494 6
494 495 3
495 496 8
496 497 7
497 498 3
498 134 5
134 499 9
499 500 7
500 501 6
501 135 6
135 502 10
502 503 2
503 504 2
504 505 5
505 506 6
506 133 10
133 0 7
128 478 18
478 479 5
479 129 12
129 507 19
507 508 15
508 509 20
509 510 18
510 511 10
511 512 6
512 513 17
513 514 9
514 515 9
515 516 8
516 517 9
517 518 4
9 519 1
519 8 52
8 70 18
70 69 12
69 7 26
7 4 20
4 3 6
3 2 7
2 1 16
1 136 25
136 375 24
375 0 2
0 282 48
282 283 22
283 284 30
284 285 8
285 308 22
308 307 16
307 306 43
306 71 17
71 305 13
305 9 31
